Date,Facebook,Pinterest,Twitter,Instagram,YouTube,Tumblr,Reddit,VKontakte,LinkedIn,news.ycombinator.com,Fark,Other
2019-12,64.22,10.97,12.96,7.05,3.79,0.37,0.27,0.2,0.1,0.01,0.01,0.04
2020-01,61.3,11.45,14.51,8.4,3.33,0.39,0.29,0.15,0.12,0.01,0.01,0.03
2020-02,62.11,10.7,14.44,8.9,2.91,0.37,0.27,0.15,0.12,0.01,0.01,0.01
2020-03,64.99,8.31,14.29,8.54,3.1,0.28,0.23,0.12,0.12,0.01,0.01,0.01
2020-04,60.15,10.46,15.48,8.73,4.2,0.36,0.35,0.12,0.12,0.01,0.01,0.01
2020-05,72.02,13.49,6.2,1.48,5.58,0.5,0.39,0.14,0.16,0.02,0.02,0.01
2020-06,74,12.11,6.5,1.2,4.99,0.53,0.37,0.1,0.18,0.01,0.01,0.01
2020-07,74.17,11.68,6.78,1.35,4.86,0.44,0.37,0.1,0.2,0.02,0.01,0.01
2020-08,75.15,11.51,6.41,1.42,3.62,0.45,0.31,0.87,0.23,0.01,0.01,0.01
2020-09,74.59,11.58,6.88,1.58,3.99,0.54,0.34,0.23,0.23,0.02,0.01,0.01
2020-10,71.85,12.31,8.65,1.53,4.47,0.43,0.36,0.13,0.25,0.02,0.01,0
2020-11,68.72,12.11,11.68,2.01,4.22,0.41,0.38,0.13,0.3,0.02,0.02,0.01
2020-12,68.39,13.61,10.25,2.25,4.27,0.33,0.44,0.11,0.29,0.03,0.02,0.01
